0.14448974954967314
0.023440907530200023
0.017851711429942112
0.01415528622097694
0.01230967345719154
0.010959039245230647
0.009303583620259395
0.008697876321653334
0.007363056477445822
0.0069576766198644275
0.006828263715411035
0.006266719097486482
0.00567479245364666
0.0054234983489060635
0.005149731837893621
0.004814254764754038
0.004564628081145481
0.004345183771175261
0.004182388137381237
0.004180417736419118
0.004061005682720302
0.00412570343961796
0.004091809002252726
0.0038078486798510244
0.0037758291716902303
0.003379282642317076
0.0032945432086797575
0.003271170092585425
0.0030892874638084322
0.00317155637849982
0.0030621751189196054
0.0030321835052186195
0.0028988665345912944
0.0029768506781413006
0.002782931007319488
0.002783689690449347
0.0026617819832888646
0.0025968357199767176
0.002515598108472589
0.0026077176421844903
0.0024618764291517437
0.0024761423790970673
0.002511312641078033
0.002279794734651939
0.00228269380526259
0.002245875497465022
0.0024976724010999673
0.0024353951381411976
0.0024270003240627167
0.002290807429324979
0.0022613426979380446
0.0021021981687786486
0.0021240566745221326
0.0021134893512890604
0.0020452078830343313
0.002120193387292182
0.0020268317088126563
0.0020544241482499414
0.001915187047695956
0.0019529943260400055
0.001886216892251888
0.0019123925773713451
0.0019541334096664707
0.0019005618893201104
0.0019137569000192273
0.0018794867579484931
0.0018533669409897323
0.001822875990630844
0.0018464122124267025
0.0017408278128221775
0.0017743382665615242
0.0017760420921079528
0.0018171728611028253
0.0017488193754196311
0.0016868869335247348
0.0017545496274788792
0.0017675003305507393
0.0017163532611448318
0.001735463238079459
0.0016564343767151092
0.0016633927421375678
0.001700223267947037
0.001701931019152443
0.0016271018114191694
0.001558313460778803
0.0016190806838074843
0.0017051710545694311
0.0017722958358577811
0.0016935011013769186
0.001650837845563029
0.0015687835122942207
0.0015789280285109552
0.0016084873160042872
0.0015251124120997982
0.0015324831732029382
0.001526304980730996
0.0015594562282785773
0.0014758080371673433
0.0015246403054334223
0.001513453658285121
0.0014808035484747961
0.0015444540174660059
0.0015382198124335934
0.0015708408620692072
0.0015076552226673812
0.0014299025418809974
0.0014944415653679664
0.0014773185237292917
0.001477356198637818
0.0014755160473913958
0.0015100556248888518
0.0014872659891037843
0.0014841850050008642
0.0014366350615791117
0.0014855403077000608
0.0014589087939104782
0.0014164955489552366
0.0014056414606434724
0.0013989948201924562
0.0014479513192782179
0.0014147090517396394
0.001383975104545243
0.00140131174479253
0.0014801089183982606
0.0013953983635964016
0.001487332017859444
0.0014686432304398085
0.0014036211908275548
0.001468323934554624
0.001358600397137567
0.001386199091659644
0.0013362063518098483
0.0013786062750463875
0.0013863943537356905
0.0014015190491381173
0.0013103550020157574
0.001388104363846091
0.0013807008407848815
0.0013394989364314824
0.0013418361424835613
0.001399270819652324
0.001407669174323718
0.001333524003992072
0.0013997847395680414
0.0014063260678085499
0.0014057252444147777
0.0013347594901391019
0.0013500695215323223
0.0013439326184407736
0.0013030200509372382
0.0013483969893199033
0.0013402859734084744
0.0013044490814746285
0.0013228091299354744
0.001362186565529555
0.0013231350301514165
0.0013448957089657108
0.0013624131097458303
0.0012958515872014686
0.0013354106452495146
0.0012975511266491734
0.0013032702140313073
0.0012951256805815948
0.0013547680640700632
0.0013177367375017358
0.0013111119467514353
0.0013567572773004381
0.0013206444183686892
0.0013044960158787523
0.001384954979025329
0.001298870804021135
0.0012727815942176117
0.0013199554064508097
0.0013068435050976963
0.001306526997583345
0.001287182744887944
0.0012954627309227362
0.0013652665836091798
0.0013604347242597635
0.0013336786057782145
0.0012538344386624745
0.001258019476573771
0.0013334607882335638
0.0013145901947819556
0.0012904621521906497
0.001337887845763292
0.0013341019053209142
0.001283536445743476
0.0012663018009894027
0.0013052971917204559
0.0013044187026725223
0.0013004568441269489
0.0013263178552733734
0.0011916583383796164
0.0013186051443111724
0.001269022141619084
0.0012969663344287814
0.0013539487610194976
0.0013292154662149886
0.0013148527818534954
